0 0.093750 0.470187 0.186458 0.190374
0 0.235156 0.438937 0.067187 0.066092
0 0.265885 0.423132 0.035937 0.045977
0 0.409115 0.464799 0.094271 0.102011
0 0.345052 0.426365 0.009896 0.030891
0 0.358854 0.425647 0.011458 0.043822
0 0.373437 0.424928 0.017708 0.038075
0 0.794531 0.621767 0.410938 0.753592
1 0.207031 0.319684 0.045312 0.074713
1 0.247396 0.318247 0.022917 0.028736
1 0.293229 0.318966 0.061458 0.045977
1 0.159635 0.340158 0.049479 0.048132
1 0.037240 0.356681 0.068229 0.072557
1 0.095312 0.356681 0.014583 0.026580
1 0.671875 0.348420 0.656250 0.682471
2 0.327865 0.424928 0.008854 0.035201
2 0.336458 0.424928 0.009375 0.038075
0 0.190104 0.413075 0.015625 0.017241
