0 0.447500 0.931034 0.071000 0.074963
0 0.521000 0.903298 0.058000 0.121439
0 0.554000 0.877811 0.032000 0.169415
0 0.592500 0.864318 0.059000 0.205397
0 0.702500 0.844078 0.159000 0.239880
0 0.830500 0.855322 0.131000 0.214393
0 0.905000 0.846327 0.132000 0.238381
0 0.147000 0.847076 0.250000 0.260870
0 0.200500 0.811844 0.221000 0.334333
0 0.378500 0.910045 0.033000 0.113943
0 0.404500 0.934783 0.019000 0.067466
2 0.333000 0.714393 0.136000 0.532234
2 0.650500 0.705397 0.161000 0.517241
1 0.174500 0.493253 0.345000 0.983508
1 0.340500 0.428786 0.149000 0.851574
1 0.512000 0.485757 0.236000 0.965517
1 0.788500 0.483508 0.423000 0.964018
