0 0.322396 0.532870 0.034375 0.056481
0 0.294010 0.538426 0.026562 0.062037
0 0.273177 0.534722 0.018229 0.069444
0 0.180729 0.493981 0.169792 0.180556
0 0.097656 0.549537 0.110937 0.125000
0 0.020313 0.563426 0.039583 0.139815
1 0.215885 0.262963 0.430729 0.522222
1 0.714844 0.387500 0.570312 0.773148
2 0.392969 0.675000 0.222396 0.614815
2 0.611198 0.556944 0.032813 0.123148
2 0.638021 0.678704 0.054167 0.196296
2 0.696094 0.613426 0.106771 0.347222
0 0.973698 0.716667 0.052604 0.192593
0 0.994531 0.850463 0.010937 0.075000
